ARK3
problem 1
h = 1.000000e-01 eps = 1.000000e+00 maxerr = 3.061472e-05
h = 1.000000e-02 eps = 1.000000e+00 maxerr = 3.335295e-07
h = 1.000000e-03 eps = 1.000000e+00 maxerr = 3.340992e-10
h = 1.000000e-04 eps = 1.000000e+00 maxerr = 3.094192e-13
h = 1.000000e-01 eps = 1.000000e-01 maxerr = 8.084135e-04
h = 1.000000e-02 eps = 1.000000e-01 maxerr = 1.044301e-06
h = 1.000000e-03 eps = 1.000000e-01 maxerr = 5.800078e-09
h = 1.000000e-04 eps = 1.000000e-01 maxerr = 5.813572e-12
h = 1.000000e-01 eps = 1.000000e-02 maxerr = 3.699612e-03
h = 1.000000e-02 eps = 1.000000e-02 maxerr = 1.000577e-05
h = 1.000000e-03 eps = 1.000000e-02 maxerr = 8.028262e-08
h = 1.000000e-04 eps = 1.000000e-02 maxerr = 8.284728e-11
h = 1.000000e-01 eps = 1.000000e-03 maxerr = 4.762658e-03
h = 1.000000e-02 eps = 1.000000e-03 maxerr = 3.850084e-05
h = 1.000000e-03 eps = 1.000000e-03 maxerr = 6.854526e-07
h = 1.000000e-04 eps = 1.000000e-03 maxerr = 8.715280e-10
h = 1.000000e-01 eps = 1.000000e-04 maxerr = 4.888845e-03
h = 1.000000e-02 eps = 1.000000e-04 maxerr = 4.990047e-05
h = 1.000000e-03 eps = 1.000000e-04 maxerr = 3.759399e-07
h = 1.000000e-04 eps = 1.000000e-04 maxerr = 7.017039e-09
problem 2
h = 1.000000e-01 eps = -1.000000e+00 maxerr = 3.776056e-05
h = 1.000000e-02 eps = -1.000000e+00 maxerr = 3.998178e-08
h = 1.000000e-03 eps = -1.000000e+00 maxerr = 1.607842e-10
h = 1.000000e-04 eps = -1.000000e+00 maxerr = 1.564438e-08
h = 1.000000e-01 eps = -1.000000e-01 maxerr = 5.185244e-04
h = 1.000000e-02 eps = -1.000000e-01 maxerr = 7.393865e-07
h = 1.000000e-03 eps = -1.000000e-01 maxerr = 1.598834e-09
h = 1.000000e-04 eps = -1.000000e-01 maxerr = 1.430857e-07
h = 1.000000e-01 eps = -1.000000e-02 maxerr = 1.929823e-03
h = 1.000000e-02 eps = -1.000000e-02 maxerr = 5.539903e-06
h = 1.000000e-03 eps = -1.000000e-02 maxerr = 1.513277e-08
h = 1.000000e-04 eps = -1.000000e-02 maxerr = 5.072069e-07
h = 1.000000e-01 eps = -1.000000e-03 maxerr = 2.502826e-03
h = 1.000000e-02 eps = -1.000000e-03 maxerr = 1.933639e-05
h = 1.000000e-03 eps = -1.000000e-03 maxerr = 5.554289e-08
h = 1.000000e-04 eps = -1.000000e-03 maxerr = 7.320049e-07
h = 1.000000e-01 eps = -1.000000e-04 maxerr = 2.570630e-03
h = 1.000000e-02 eps = -1.000000e-04 maxerr = 2.507879e-05
h = 1.000000e-03 eps = -1.000000e-04 maxerr = 1.933678e-07
h = 1.000000e-04 eps = -1.000000e-04 maxerr = 4.959558e-07
problem 3
h = 1.000000e-01 eps = -1.000000e+00 maxerr = 2.555567e-05
h = 1.000000e-02 eps = -1.000000e+00 maxerr = 2.842016e-08
h = 1.000000e-03 eps = -1.000000e+00 maxerr = 2.869238e-11
h = 1.000000e-04 eps = -1.000000e+00 maxerr = 1.731948e-14
h = 1.000000e-01 eps = -1.000000e-01 maxerr = 3.511893e-04
h = 1.000000e-02 eps = -1.000000e-01 maxerr = 5.017806e-07
h = 1.000000e-03 eps = -1.000000e-01 maxerr = 5.263823e-10
h = 1.000000e-04 eps = -1.000000e-01 maxerr = 5.215828e-13
h = 1.000000e-01 eps = -1.000000e-02 maxerr = 1.113298e-03
h = 1.000000e-02 eps = -1.000000e-02 maxerr = 3.606917e-06
h = 1.000000e-03 eps = -1.000000e-02 maxerr = 5.148369e-09
h = 1.000000e-04 eps = -1.000000e-02 maxerr = 5.399348e-12
h = 1.000000e-01 eps = -1.000000e-03 maxerr = 1.583267e-03
h = 1.000000e-02 eps = -1.000000e-03 maxerr = 1.113478e-05
h = 1.000000e-03 eps = -1.000000e-03 maxerr = 3.607838e-08
h = 1.000000e-04 eps = -1.000000e-03 maxerr = 5.149547e-11
h = 1.000000e-01 eps = -1.000000e-04 maxerr = 1.663199e-03
h = 1.000000e-02 eps = -1.000000e-04 maxerr = 1.587086e-05
h = 1.000000e-03 eps = -1.000000e-04 maxerr = 1.113481e-07
h = 1.000000e-04 eps = -1.000000e-04 maxerr = 3.607850e-10
problem 4
h = 1.000000e-01 eps = -1.000000e+00 maxerr = 6.285783e-05
h = 1.000000e-02 eps = -1.000000e+00 maxerr = 7.037179e-08
h = 1.000000e-03 eps = -1.000000e+00 maxerr = 1.979107e-09
h = 1.000000e-04 eps = -1.000000e+00 maxerr = 1.528171e-08
h = 1.000000e-01 eps = -1.000000e-01 maxerr = 7.812478e-04
h = 1.000000e-02 eps = -1.000000e-01 maxerr = 1.115505e-06
h = 1.000000e-03 eps = -1.000000e-01 maxerr = 1.718903e-08
h = 1.000000e-04 eps = -1.000000e-01 maxerr = 1.205681e-07
h = 1.000000e-01 eps = -1.000000e-02 maxerr = 2.423912e-03
h = 1.000000e-02 eps = -1.000000e-02 maxerr = 7.854955e-06
h = 1.000000e-03 eps = -1.000000e-02 maxerr = 1.401733e-07
h = 1.000000e-04 eps = -1.000000e-02 maxerr = 4.704113e-07
h = 1.000000e-01 eps = -1.000000e-03 maxerr = 3.452974e-03
h = 1.000000e-02 eps = -1.000000e-03 maxerr = 2.424402e-05
h = 1.000000e-03 eps = -1.000000e-03 maxerr = 2.479379e-07
h = 1.000000e-04 eps = -1.000000e-03 maxerr = 7.370161e-07
h = 1.000000e-01 eps = -1.000000e-04 maxerr = 3.629453e-03
h = 1.000000e-02 eps = -1.000000e-04 maxerr = 3.455372e-05
h = 1.000000e-03 eps = -1.000000e-04 maxerr = 2.424405e-07
h = 1.000000e-04 eps = -1.000000e-04 maxerr = 5.120883e-07

ARK4
problem 1
h = 1.000000e-01 eps = 1.000000e+00 maxerr = 3.628222e-07
h = 1.000000e-02 eps = 1.000000e+00 maxerr = 6.388179e-08
h = 1.000000e-03 eps = 1.000000e+00 maxerr = 6.414358e-11
h = 1.000000e-04 eps = 1.000000e+00 maxerr = 4.640732e-14
h = 1.000000e-01 eps = 1.000000e-01 maxerr = 2.381380e-06
h = 1.000000e-02 eps = 1.000000e-01 maxerr = 3.886529e-07
h = 1.000000e-03 eps = 1.000000e-01 maxerr = 9.930620e-10
h = 1.000000e-04 eps = 1.000000e-01 maxerr = 9.900969e-13
h = 1.000000e-01 eps = 1.000000e-02 maxerr = 4.752874e-05
h = 1.000000e-02 eps = 1.000000e-02 maxerr = 1.440344e-07
h = 1.000000e-03 eps = 1.000000e-02 maxerr = 1.396831e-08
h = 1.000000e-04 eps = 1.000000e-02 maxerr = 1.401490e-11
h = 1.000000e-01 eps = 1.000000e-03 maxerr = 2.224518e-05
h = 1.000000e-02 eps = 1.000000e-03 maxerr = 1.256082e-06
h = 1.000000e-03 eps = 1.000000e-03 maxerr = 1.451398e-07
h = 1.000000e-04 eps = 1.000000e-03 maxerr = 1.516269e-10
h = 1.000000e-01 eps = 1.000000e-04 maxerr = 1.491763e-05
h = 1.000000e-02 eps = 1.000000e-04 maxerr = 2.968914e-07
h = 1.000000e-03 eps = 1.000000e-04 maxerr = 3.518406e-07
h = 1.000000e-04 eps = 1.000000e-04 maxerr = 1.470841e-09
problem 2
h = 1.000000e-01 eps = -1.000000e+00 maxerr = 3.624441e-08
h = 1.000000e-02 eps = -1.000000e+00 maxerr = 3.794187e-12
h = 1.000000e-03 eps = -1.000000e+00 maxerr = 4.253731e-11
h = 1.000000e-04 eps = -1.000000e+00 maxerr = 6.765285e-09
h = 1.000000e-01 eps = -1.000000e-01 maxerr = 8.233123e-06
h = 1.000000e-02 eps = -1.000000e-01 maxerr = 1.363984e-09
h = 1.000000e-03 eps = -1.000000e-01 maxerr = 4.436039e-10
h = 1.000000e-04 eps = -1.000000e-01 maxerr = 6.431071e-08
h = 1.000000e-01 eps = -1.000000e-02 maxerr = 6.750712e-05
h = 1.000000e-02 eps = -1.000000e-02 maxerr = 9.103149e-08
h = 1.000000e-03 eps = -1.000000e-02 maxerr = 6.208777e-09
h = 1.000000e-04 eps = -1.000000e-02 maxerr = 4.061798e-07
h = 1.000000e-01 eps = -1.000000e-03 maxerr = 1.545254e-05
h = 1.000000e-02 eps = -1.000000e-03 maxerr = 6.991150e-07
h = 1.000000e-03 eps = -1.000000e-03 maxerr = 2.719280e-08
h = 1.000000e-04 eps = -1.000000e-03 maxerr = 6.832989e-07
h = 1.000000e-01 eps = -1.000000e-04 maxerr = 2.690563e-06
h = 1.000000e-02 eps = -1.000000e-04 maxerr = 1.575313e-07
h = 1.000000e-03 eps = -1.000000e-04 maxerr = 3.493631e-08
h = 1.000000e-04 eps = -1.000000e-04 maxerr = 6.375487e-07
problem 3
h = 1.000000e-01 eps = -1.000000e+00 maxerr = 9.649108e-08
h = 1.000000e-02 eps = -1.000000e+00 maxerr = 9.881984e-12
h = 1.000000e-03 eps = -1.000000e+00 maxerr = 1.887379e-15
h = 1.000000e-04 eps = -1.000000e+00 maxerr = 4.440892e-14
h = 1.000000e-01 eps = -1.000000e-01 maxerr = 6.033582e-06
h = 1.000000e-02 eps = -1.000000e-01 maxerr = 9.751288e-10
h = 1.000000e-03 eps = -1.000000e-01 maxerr = 1.031397e-13
h = 1.000000e-04 eps = -1.000000e-01 maxerr = 1.010303e-14
h = 1.000000e-01 eps = -1.000000e-02 maxerr = 4.533017e-05
h = 1.000000e-02 eps = -1.000000e-02 maxerr = 5.933886e-08
h = 1.000000e-03 eps = -1.000000e-02 maxerr = 9.773071e-12
h = 1.000000e-04 eps = -1.000000e-02 maxerr = 8.881784e-16
